# Camera list with one line of data per camera:
#   CAMERA_ID, MODEL, WIDTH, HEIGHT, PARAMS[]
# Number of cameras: 48
1 SIMPLE_RADIAL 3072 4080 3044.46 1536 2040 0.0700296
2 SIMPLE_RADIAL 3072 4080 2946.56 1536 2040 0.0716297
3 SIMPLE_RADIAL 3072 4080 2957.49 1536 2040 0.101356
4 SIMPLE_RADIAL 3072 4080 2919.88 1536 2040 0.0870358
5 SIMPLE_RADIAL 3072 4080 2949.15 1536 2040 0.106223
6 SIMPLE_RADIAL 3072 4080 2956.63 1536 2040 0.0333135
7 SIMPLE_RADIAL 3072 4080 2937.09 1536 2040 0.109328
8 SIMPLE_RADIAL 3072 4080 2987.84 1536 2040 0.0179953
9 SIMPLE_RADIAL 3072 4080 2966.71 1536 2040 0.0253519
10 SIMPLE_RADIAL 3072 4080 2981.21 1536 2040 -0.0415311
11 SIMPLE_RADIAL 3072 4080 2894.64 1536 2040 -0.00991587
12 SIMPLE_RADIAL 3072 4080 2877.63 1536 2040 0.0055115
13 SIMPLE_RADIAL 3072 4080 2875.2 1536 2040 0.0115917
14 SIMPLE_RADIAL 3072 4080 2881.04 1536 2040 0.041767
15 SIMPLE_RADIAL 3072 4080 2886.34 1536 2040 0.0329067
16 SIMPLE_RADIAL 3072 4080 2897.46 1536 2040 0.0185819
17 SIMPLE_RADIAL 3072 4080 2903.36 1536 2040 0.0331432
18 SIMPLE_RADIAL 3072 4080 2884.9 1536 2040 0.0540619
19 SIMPLE_RADIAL 3072 4080 2903.87 1536 2040 0.0375935
20 SIMPLE_RADIAL 3072 4080 2915 1536 2040 0.0146675
21 SIMPLE_RADIAL 3072 4080 2913.92 1536 2040 0.0207404
22 SIMPLE_RADIAL 3072 4080 2851.14 1536 2040 0.0485261
23 SIMPLE_RADIAL 3072 4080 2868.33 1536 2040 0.0974126
24 SIMPLE_RADIAL 3072 4080 2894.72 1536 2040 0.0796359
25 SIMPLE_RADIAL 3072 4080 2904.71 1536 2040 0.103222
26 SIMPLE_RADIAL 3072 4080 2915.74 1536 2040 -0.00858668
27 SIMPLE_RADIAL 3072 4080 2947.29 1536 2040 0.0829673
28 SIMPLE_RADIAL 3072 4080 2983.48 1536 2040 0.00498645
29 SIMPLE_RADIAL 3072 4080 2951.19 1536 2040 0.00917856
30 SIMPLE_RADIAL 3072 4080 2949.06 1536 2040 0.0156855
31 SIMPLE_RADIAL 3072 4080 2927.9 1536 2040 0.0181604
32 SIMPLE_RADIAL 3072 4080 2961.13 1536 2040 0.0111333
33 SIMPLE_RADIAL 3072 4080 2926.77 1536 2040 0.0239546
34 SIMPLE_RADIAL 3072 4080 2966.31 1536 2040 0.00105392
35 SIMPLE_RADIAL 3072 4080 2983.19 1536 2040 -0.0372474
36 SIMPLE_RADIAL 3072 4080 2975.01 1536 2040 0.0154926
37 SIMPLE_RADIAL 3072 4080 2978.52 1536 2040 0.00944823
38 SIMPLE_RADIAL 3072 4080 2973.96 1536 2040 -0.0216931
39 SIMPLE_RADIAL 3072 4080 2969.82 1536 2040 0.00347713
40 SIMPLE_RADIAL 3072 4080 3024.88 1536 2040 -0.033647
41 SIMPLE_RADIAL 3072 4080 3000.74 1536 2040 -0.0380481
42 SIMPLE_RADIAL 3072 4080 2985.31 1536 2040 0.0166586
43 SIMPLE_RADIAL 3072 4080 2948.43 1536 2040 0.0343161
44 SIMPLE_RADIAL 3072 4080 2939.59 1536 2040 0.0312543
45 SIMPLE_RADIAL 3072 4080 2909.67 1536 2040 0.160945
46 SIMPLE_RADIAL 3072 4080 2874.66 1536 2040 0.155413
47 SIMPLE_RADIAL 3072 4080 2907.97 1536 2040 0.0719797
48 SIMPLE_RADIAL 3072 4080 2904.71 1536 2040 0.0247423
